      fr1 fr2 fr3 fr4 fr5 fr6 fr7 fr8 fr9 fr10 fr11 fr12 fr13 fr14 fr15 fr16 fr17 fr18 fr19 fr20 twig lftop lfbot
fr1     0   1   0   0   1   1   0   0   0    0    0    0    0    0    0    0    0    0    0    0    1     1     1
fr2     1   0   1   0   0   0   1   0   0    0    0    0    0    0    0    0    0    0    0    0    1     1     1
fr3     0   1   0   1   0   0   0   1   0    0    0    0    0    0    0    0    0    0    0    0    1     1     1
fr4     0   0   1   0   1   0   0   0   1    0    0    0    0    0    0    0    0    0    0    0    1     1     1
fr5     1   0   0   1   0   0   0   0   0    1    0    0    0    0    0    0    0    0    0    0    1     1     1
fr6     1   0   0   0   0   0   0   0   0    0    1    1    0    0    0    0    0    0    0    0    1     1     1
fr7     0   1   0   0   0   0   0   0   0    0    0    1    1    0    0    0    0    0    0    0    1     1     1
fr8     0   0   1   0   0   0   0   0   0    0    0    0    1    1    0    0    0    0    0    0    1     1     1
fr9     0   0   0   1   0   0   0   0   0    0    0    0    0    1    1    0    0    0    0    0    1     1     1
fr10    0   0   0   0   1   0   0   0   0    0    1    0    0    0    1    0    0    0    0    0    1     1     1
fr11    0   0   0   0   0   1   0   0   0    1    0    0    0    0    0    1    0    0    0    0    1     1     1
fr12    0   0   0   0   0   1   1   0   0    0    0    0    0    0    0    0    1    0    0    0    1     1     1
fr13    0   0   0   0   0   0   1   1   0    0    0    0    0    0    0    0    0    1    0    0    1     1     1
fr14    0   0   0   0   0   0   0   1   1    0    0    0    0    0    0    0    0    0    1    0    1     1     1
fr15    0   0   0   0   0   0   0   0   1    1    0    0    0    0    0    0    0    0    0    1    1     1     1
fr16    0   0   0   0   0   0   0   0   0    0    1    0    0    0    0    0    1    0    0    1    1     1     1
fr17    0   0   0   0   0   0   0   0   0    0    0    1    0    0    0    1    0    1    0    0    1     1     1
fr18    0   0   0   0   0   0   0   0   0    0    0    0    1    0    0    0    1    0    1    0    1     1     1
fr19    0   0   0   0   0   0   0   0   0    0    0    0    0    1    0    0    0    1    0    1    1     1     1
fr20    0   0   0   0   0   0   0   0   0    0    0    0    0    0    1    1    0    0    1    0    1     1     1
twig    1   1   1   1   1   1   1   1   1    1    1    1    1    1    1    1    1    1    1    1    1     1     1
lftop   1   1   1   1   1   1   1   1   1    1    1    1    1    1    1    1    1    1    1    1    1     1     1
lfbot   1   1   1   1   1   1   1   1   1    1    1    1    1    1    1    1    1    1    1    1    1     1     1
